0 0
1 0
2 0
3 0
4 0
5 0
6 0
7 0
8 0
9 0
10 0
11 2447
12 0
13 2488
14 0
15 2927
16 0
17 2138
18 2476
19 0
20 2845
21 2700
22 2022
23 2460
24 0
25 2665
26 2863
27 0
28 3105
29 1601
30 0
31 3559
32 0
33 1793
34 0
35 3381
36 0
37 0
38 1951
39 0
40 3545
41 0
42 0
43 1960
44 0
45 1746
46 0
47 0
48 3520
49 0
50 0
51 1863
52 0
53 3360
54 0
55 0
56 3258
57 0
58 1839
59 0
60 3392
61 1737
62 0
63 3348
64 1594
65 0
66 3405
67 3256
68 1790
69 0
70 3182
71 1611
72 0
73 3343
74 0
75 1678
76 0
77 3196
78 3450
79 0
80 1643
81 0
82 3389
83 0
84 1689
85 0
86 3297
87 3169
88 0
89 1590
90 3327
91 1703
92 0
93 3129
94 3326
95 1541
96 3340
97 0
98 3039
99 1679
100 0
101 2993
102 3190
103 0
104 1510
105 0
106 3003
107 3120
108 0
109 1471
110 0
111 3143
112 3020
113 0
114 3040
115 1397
116 0
117 2959
118 0
119 2990
120 2984
121 0
122 1463
123 3062
124 0
125 3162
126 1532
127 2919
128 0
129 3165
130 3022
131 1641
132 0
133 3210
134 2993
135 1629
136 3217
137 0
138 1517
139 0
140 3598
141 0
142 3290
143 0
144 1550
145 0
146 3599
147 0
148 1725
149 0
150 0
151 1977
152 0
153 0
154 3907
155 0
156 0
157 2049
158 0
159 0
160 0
161 2194
162 0
163 0
164 0
165 0
166 2148
167 0
168 0
169 0
170 0
171 4408
172 0
173 0
174 0
175 0
176 0
177 2644
178 0
179 0
180 0
181 2519
182 0
183 0
184 2136
185 0
186 0
187 0
188 2488
189 0
190 0
191 2059
192 0
193 0
194 0
195 3988
196 0
197 0
198 1769
199 0
200 0
201 2864
202 0
203 0
204 0
205 3192
206 0
207 0
208 0
209 2224
210 0
211 0
212 0
213 0
214 0
215 0
216 0
217 0
218 0
219 0
220 0
221 0
222 0
223 0
224 0
225 0
226 0
227 0
228 0
229 0
230 0
231 0
232 0
233 0
234 0
235 0
236 0
237 0
238 0
239 0
240 0
241 0
242 0
243 0
244 0
245 0
246 0
247 3108
248 0
249 0
250 0
251 0
252 0
253 0
254 0
255 1
