0 2447
1 0
2 0
3 0
4 0
5 0
6 0
7 0
8 0
9 0
10 0
11 2488
12 0
13 0
14 2927
15 0
16 2138
17 0
18 2476
19 2845
20 2700
21 2022
22 0
23 2460
24 2665
25 2863
26 0
27 3105
28 1601
29 0
30 3559
31 1793
32 0
33 0
34 3381
35 1951
36 0
37 0
38 3545
39 0
40 1960
41 0
42 0
43 1746
44 0
45 0
46 3520
47 0
48 0
49 1863
50 0
51 0
52 3360
53 0
54 3258
55 0
56 1839
57 0
58 3392
59 0
60 1737
61 0
62 3348
63 1594
64 0
65 3405
66 3256
67 0
68 1790
69 3182
70 0
71 1611
72 3343
73 0
74 1678
75 3196
76 0
77 3450
78 0
79 1643
80 0
81 3389
82 0
83 1689
84 3297
85 0
86 0
87 3169
88 1590
89 3327
90 0
91 1703
92 3129
93 3326
94 0
95 1541
96 3340
97 3039
98 0
99 1679
100 2993
101 0
102 3190
103 1510
104 0
105 3003
106 3120
107 0
108 1471
109 3143
110 0
111 3020
112 0
113 3040
114 1397
115 0
116 2959
117 0
118 2990
119 0
120 2984
121 1463
122 0
123 3062
124 3162
125 1532
126 0
127 2919
128 3165
129 0
130 3022
131 1641
132 3210
133 2993
134 0
135 1629
136 3217
137 1517
138 3598
139 0
140 3290
141 0
142 0
143 1550
144 3599
145 0
146 0
147 1725
148 0
149 1977
150 0
151 0
152 3907
153 0
154 2049
155 0
156 0
157 0
158 2194
159 0
160 0
161 2148
162 0
163 0
164 0
165 0
166 4408
167 0
168 0
169 0
170 0
171 2644
172 0
173 0
174 0
175 0
176 0
177 2519
178 0
179 0
180 0
181 0
182 2136
183 0
184 2488
185 0
186 0
187 0
188 0
189 2059
190 0
191 0
192 3988
193 0
194 0
195 0
196 1769
197 0
198 2864
199 0
200 0
201 0
202 3192
203 0
204 2224
205 0
206 0
207 0
208 0
209 3108
210 0
211 0
212 0
213 0
214 0
215 0
216 0
217 0
218 0
219 0
220 0
221 0
222 0
223 0
224 0
225 0
226 0
227 0
228 0
229 0
230 0
231 0
232 0
233 0
234 0
235 0
236 0
237 0
238 0
239 0
240 0
241 0
242 0
243 0
244 0
245 0
246 0
247 0
248 1
249 0
250 0
251 0
252 0
253 0
254 0
255 0
