0 0
1 0
2 0
3 0
4 0
5 0
6 0
7 0
8 0
9 0
10 0
11 2818
12 0
13 0
14 0
15 4143
16 0
17 0
18 0
19 0
20 5043
21 0
22 0
23 0
24 0
25 0
26 0
27 0
28 9884
29 0
30 0
31 0
32 0
33 0
34 0
35 10010
36 0
37 0
38 0
39 0
40 0
41 0
42 0
43 0
44 0
45 0
46 0
47 0
48 12066
49 0
50 0
51 0
52 0
53 0
54 0
55 0
56 0
57 0
58 0
59 0
60 0
61 0
62 0
63 0
64 0
65 0
66 0
67 0
68 0
69 0
70 0
71 0
72 0
73 0
74 12583
75 0
76 0
77 0
78 0
79 0
80 0
81 0
82 0
83 0
84 0
85 0
86 0
87 0
88 0
89 0
90 0
91 0
92 0
93 0
94 0
95 0
96 0
97 0
98 0
99 0
100 0
101 6488
102 0
103 0
104 4958
105 0
106 3867
107 0
108 0
109 0
110 2541
111 2077
112 0
113 1483
114 1108
115 967
116 847
117 727
118 1245
119 566
120 1266
121 1406
122 752
123 1502
124 1519
125 721
126 1455
127 1437
128 1371
129 1391
130 765
131 824
132 879
133 1052
134 1260
135 0
136 0
137 1748
138 1847
139 0
140 0
141 2115
142 0
143 0
144 2203
145 0
146 2007
147 0
148 1604
149 1335
150 979
151 1395
152 1036
153 1162
154 0
155 1011
156 1006
157 1002
158 1021
159 0
160 879
161 1061
162 0
163 778
164 0
165 1006
166 0
167 1352
168 0
169 0
170 731
171 0
172 891
173 0
174 888
175 0
176 1090
177 0
178 1289
179 1343
180 0
181 0
182 1336
183 1162
184 0
185 975
186 1404
187 0
188 1275
189 1019
190 0
191 899
192 1129
193 799
194 0
195 1339
196 1045
197 1005
198 0
199 982
200 1102
201 939
202 1101
203 1058
204 0
205 969
206 1052
207 0
208 948
209 0
210 0
211 1066
212 0
213 0
214 0
215 1049
216 0
217 0
218 0
219 0
220 0
221 0
222 0
223 0
224 0
225 0
226 0
227 0
228 0
229 0
230 0
231 0
232 0
233 0
234 0
235 0
236 0
237 0
238 0
239 0
240 0
241 0
242 0
243 0
244 0
245 0
246 0
247 1088
248 0
249 0
250 0
251 0
252 0
253 0
254 0
255 103603
