0 2447
1 0
2 2488
3 0
4 0
5 2927
6 0
7 2138
8 0
9 0
10 2476
11 0
12 2845
13 0
14 0
15 2700
16 0
17 2022
18 0
19 0
20 2460
21 0
22 2665
23 0
24 0
25 2863
26 0
27 0
28 3105
29 0
30 1601
31 0
32 0
33 3559
34 0
35 1793
36 0
37 0
38 3381
39 0
40 1951
41 0
42 0
43 3545
44 0
45 1960
46 0
47 0
48 1746
49 0
50 0
51 3520
52 0
53 1863
54 0
55 0
56 3360
57 0
58 3258
59 0
60 0
61 1839
62 0
63 3392
64 0
65 0
66 1737
67 0
68 3348
69 0
70 0
71 1594
72 0
73 3405
74 0
75 0
76 3256
77 0
78 0
79 1790
80 0
81 3182
82 0
83 0
84 1611
85 0
86 3343
87 0
88 0
89 1678
90 0
91 3196
92 0
93 0
94 3450
95 0
96 1643
97 0
98 0
99 3389
100 0
101 0
102 1689
103 0
104 3297
105 0
106 0
107 3169
108 0
109 1590
110 0
111 0
112 3327
113 0
114 1703
115 0
116 0
117 3129
118 0
119 3326
120 0
121 0
122 1541
123 0
124 3340
125 0
126 0
127 3039
128 0
129 0
130 1679
131 0
132 2993
133 0
134 0
135 3190
136 0
137 1510
138 0
139 0
140 3003
141 0
142 3120
143 0
144 0
145 1471
146 0
147 3143
148 0
149 0
150 3020
151 0
152 0
153 3040
154 0
155 1397
156 0
157 0
158 2959
159 0
160 2990
161 0
162 0
163 2984
164 0
165 1463
166 0
167 0
168 3062
169 0
170 3162
171 0
172 0
173 1532
174 0
175 2919
176 0
177 0
178 3165
179 0
180 0
181 3022
182 0
183 1641
184 0
185 0
186 3210
187 0
188 2993
189 0
190 0
191 1629
192 0
193 3217
194 0
195 0
196 1517
197 0
198 3598
199 0
200 0
201 3290
202 0
203 0
204 1550
205 0
206 3599
207 0
208 0
209 1725
210 0
211 1977
212 0
213 0
214 3907
215 0
216 2049
217 0
218 0
219 2194
220 0
221 2148
222 0
223 0
224 4408
225 0
226 2644
227 0
228 0
229 2519
230 0
231 0
232 2136
233 0
234 2488
235 0
236 0
237 2059
238 0
239 3988
240 0
241 0
242 1769
243 0
244 2864
245 0
246 0
247 3192
248 0
249 2224
250 0
251 0
252 3108
253 0
254 0
255 1
