0 0
1 0
2 0
3 0
4 0
5 0
6 0
7 0
8 0
9 0
10 0
11 2616
12 0
13 2603
14 0
15 2617
16 0
17 2520
18 2480
19 0
20 2844
21 1357
22 2844
23 3637
24 0
25 2119
26 2166
27 0
28 2319
29 2422
30 0
31 2852
32 0
33 2745
34 0
35 2899
36 0
37 0
38 2724
39 0
40 0
41 0
42 0
43 3534
44 0
45 3015
46 0
47 0
48 2804
49 0
50 0
51 3145
52 0
53 2713
54 0
55 0
56 2689
57 0
58 2720
59 0
60 2221
61 2502
62 0
63 3955
64 1876
65 0
66 2080
67 3764
68 1898
69 0
70 2215
71 3879
72 0
73 2049
74 0
75 1873
76 0
77 3947
78 2134
79 0
80 2272
81 0
82 2120
83 0
84 4146
85 0
86 2374
87 2312
88 0
89 2345
90 2476
91 2481
92 0
93 2636
94 2440
95 2930
96 2536
97 0
98 2810
99 2885
100 0
101 2715
102 3182
103 0
104 0
105 0
106 3016
107 2794
108 0
109 2899
110 0
111 3169
112 2947
113 0
114 2994
115 2624
116 0
117 0
118 0
119 3608
120 3132
121 0
122 2763
123 3283
124 0
125 2801
126 3009
127 0
128 0
129 3140
130 3135
131 3014
132 0
133 3040
134 2759
135 2865
136 3036
137 0
138 2875
139 0
140 2702
141 0
142 2475
143 0
144 0
145 0
146 3134
147 0
148 4883
149 0
150 0
151 0
152 0
153 0
154 5011
155 0
156 0
157 2336
158 0
159 0
160 0
161 2281
162 0
163 0
164 0
165 0
166 1839
167 0
168 0
169 0
170 0
171 2353
172 0
173 0
174 0
175 0
176 0
177 3860
178 0
179 0
180 0
181 1846
182 0
183 0
184 3879
185 0
186 0
187 0
188 1791
189 0
190 0
191 0
192 0
193 0
194 0
195 0
196 0
197 0
198 0
199 0
200 0
201 0
202 0
203 0
204 0
205 0
206 0
207 0
208 0
209 0
210 0
211 0
212 0
213 0
214 0
215 0
216 0
217 0
218 0
219 0
220 0
221 0
222 0
223 0
224 0
225 0
226 0
227 0
228 0
229 0
230 0
231 0
232 0
233 0
234 0
235 0
236 0
237 0
238 0
239 0
240 0
241 0
242 0
243 0
244 0
245 0
246 0
247 0
248 0
249 0
250 0
251 0
252 0
253 0
254 0
255 19414
