# Profil de l'image
0 1
1 1
2 2
3 5
4 6
5 9
6 5
7 5
8 2
9 2
10 1
11 1
12 2
13 2
14 2
15 3
16 2
17 0
18 1
19 2
20 1
21 0
22 1
23 1
24 2
25 1
26 2
27 1
28 1
29 3
30 3
31 2
32 3
33 2
34 1
35 2
36 2
37 1
38 1
39 2
40 1
41 1
42 0
43 2
44 2
45 1
46 2
47 2
48 1
49 2
50 1
51 1
52 1
53 1
54 1
55 1
56 1
57 1
58 1
59 8
60 113
61 45
62 3
63 2
64 1
65 1
66 1
67 1
68 0
69 1
70 1
71 0
72 1
73 0
74 1
75 0
76 0
77 1
78 0
79 0
80 1
81 1
82 2
83 1
84 0
85 0
86 1
87 1
88 1
89 7
90 3
91 3
92 2
93 1
94 2
95 1
96 0
97 1
98 0
99 1
100 1
101 1
102 1
103 1
104 0
105 1
106 1
107 2
108 1
109 2
110 0
111 0
112 1
113 1
114 2
115 1
116 2
117 2
118 1
119 2
120 1
121 1
122 2
123 1
124 1
125 1
126 2
127 0
128 2
129 3
130 2
131 5
132 6
133 3
134 14
135 12
136 8
137 2
138 11
139 92
140 96
141 34
142 5
143 2
144 5
145 16
146 8
147 18
148 15
149 28
150 20
151 36
152 57
153 81
154 93
155 96
156 72
157 34
158 3
159 2
160 1
161 2
162 1
163 1
164 1
165 1
166 2
167 1
168 1
169 1
170 1
171 1
172 2
173 1
174 1
175 1
176 1
177 1
178 0
179 2
180 2
181 1
182 2
183 2
184 1
185 1
186 1
187 2
188 1
189 0
190 1
191 0
192 0
193 1
194 1
195 1
196 1
197 1
198 1
199 1
200 2
201 2
202 1
203 1
204 1
205 12
206 5
207 4
208 2
209 1
210 2
211 3
212 2
213 2
214 2
215 2
216 2
217 1
218 1
219 2
220 1
221 5
222 2
223 1
224 0
225 1
226 1
227 1
228 1
229 1
230 1
231 2
232 1
233 2
234 1
235 2
236 2
237 3
238 3
239 2
240 2
241 2
242 1
243 3
244 2
245 2
246 1
247 1
248 1
249 0
250 1
251 1
252 1
253 1
254 1
255 2
256 2
257 2
258 3
259 2
260 1
261 1
262 1
263 1
264 1
265 1
266 1
267 1
268 0
269 1
270 0
271 1
272 1
273 2
274 2
275 1
276 4
277 4
278 8
279 12
280 16
281 12
282 5
283 5
284 5
285 6
286 8
287 7
288 6
289 5
290 7
291 5
292 2
293 1
294 4
295 4
296 7
297 1
298 9
299 5
300 4
301 2
302 2
303 2
304 2
305 2
306 3
307 2
308 4
309 4
310 1
311 4
312 3
313 2
314 3
315 2
316 3
317 5
318 5
319 4
320 1
321 4
322 4
323 4
324 5
325 6
326 6
327 4
328 5
329 6
330 1
331 2
332 2
333 3
334 2
335 2
336 2
337 1
338 0
339 2
340 5
341 7
342 8
343 6
344 5
345 4
346 5
347 5
348 6
349 5
350 5
351 6
352 4
353 2
354 1
355 1
356 1
357 0
358 1
359 3
360 1
361 1
362 0
363 2
364 3
365 2
366 1
367 2
368 1
369 1
370 1
371 1
372 0
373 1
374 1
375 1
376 2
377 1
378 1
379 2
380 1
381 2
382 5
383 4
384 2
385 2
386 1
387 2
388 1
389 1
390 0
391 0
392 1
393 1
394 1
395 1
396 2
397 4
398 2
399 3
400 2
401 2
402 1
403 1
404 3
405 4
406 2
407 2
408 1
409 1
410 2
411 3
412 2
413 1
414 0
415 1
416 1
417 1
418 1
419 1
420 1
421 3
422 3
423 4
424 3
425 3
426 3
427 5
428 2
429 2
430 3
431 4
432 2
433 4
434 5
435 2
436 2
437 4
438 3
439 1
440 1
441 2
442 1
443 2
444 1
445 1
446 2
447 2
448 2
449 2
450 2
451 1
452 3
453 5
454 4
455 3
456 3
457 4
458 5
459 4
460 4
461 2
462 3
463 7
464 3
465 4
466 5
467 4
468 2
469 3
470 5
471 2
472 2
473 2
474 2
475 3
476 2
477 3
478 3
479 2
480 4
481 2
482 2
483 2
484 2
485 1
486 2
487 4
488 5
489 5
490 3
491 2
492 1
493 1
494 3
495 3
496 2
497 2
498 2
499 2
500 1
501 1
502 0
503 0
504 1
505 2
506 2
507 1
508 0
509 2
510 2
511 1
