0 114 489 549
1 11 93 105
2 19 93 120
3 14 131 139
4 0 0 0
5 26 153 189
6 28 208 222
7 34 261 304
8 24 355 404
9 0 0 0
10 35 482 497
11 44 640 622
12 43 791 745
13 0 0 0
14 42 842 747
15 74 855 802
16 76 764 767
17 76 740 700
18 0 0 0
19 120 596 677
20 107 474 639
21 146 442 649
22 157 383 645
23 0 0 0
24 214 384 645
25 247 312 636
26 253 305 638
27 0 0 0
28 295 300 629
29 338 289 561
30 361 283 473
31 408 314 478
32 0 0 0
33 432 339 513
34 475 342 491
35 479 351 497
36 441 363 516
37 0 0 0
38 427 387 493
39 348 407 474
40 338 385 485
41 0 0 0
42 290 383 480
43 247 301 473
44 243 308 490
45 220 316 482
46 0 0 0
47 232 293 540
48 183 279 535
49 192 267 526
50 0 0 0
51 154 283 537
52 161 276 554
53 180 303 505
54 164 320 502
55 0 0 0
56 127 266 495
57 163 287 479
58 166 316 480
59 151 327 500
60 0 0 0
61 164 316 517
62 181 324 528
63 182 335 546
64 0 0 0
65 150 350 582
66 151 302 547
67 154 346 564
68 154 292 644
69 0 0 0
70 134 302 645
71 133 336 543
72 121 317 512
73 110 313 411
74 0 0 0
75 150 378 396
76 133 413 295
77 148 461 295
78 0 0 0
79 132 486 239
80 123 496 224
81 120 494 198
82 116 462 171
83 0 0 0
84 138 450 180
85 128 466 136
86 150 463 161
87 123 405 157
88 0 0 0
89 148 431 143
90 144 415 146
91 145 426 139
92 0 0 0
93 138 459 117
94 176 448 121
95 140 467 115
96 132 415 115
97 0 0 0
98 144 378 130
99 157 327 102
100 171 298 129
101 0 0 0
102 169 300 129
103 176 282 117
104 209 258 102
105 179 275 111
106 0 0 0
107 184 206 129
108 190 270 105
109 191 260 100
110 166 241 107
111 0 0 0
112 168 225 119
113 164 237 99
114 157 203 116
115 0 0 0
116 172 216 100
117 153 193 117
118 178 158 103
119 157 135 131
120 0 0 0
121 172 138 133
122 198 105 110
123 171 106 123
124 185 100 112
125 0 0 0
126 146 108 110
127 187 109 101
128 193 91 108
129 0 0 0
130 202 92 121
131 152 95 112
132 210 92 109
133 175 81 107
134 0 0 0
135 226 82 107
136 169 79 103
137 185 75 111
138 180 84 116
139 0 0 0
140 172 94 93
141 213 83 100
142 229 108 97
143 0 0 0
144 222 95 67
145 253 104 66
146 271 121 68
147 255 107 73
148 0 0 0
149 237 124 76
150 300 109 89
151 276 126 92
152 0 0 0
153 263 108 71
154 270 129 75
155 246 104 55
156 297 104 80
157 0 0 0
158 281 109 71
159 299 114 66
160 333 114 67
161 276 98 75
162 0 0 0
163 314 89 74
164 280 127 65
165 311 101 72
166 0 0 0
167 335 99 47
168 348 88 57
169 371 110 38
170 358 105 39
171 0 0 0
172 367 111 36
173 347 119 30
174 327 90 25
175 317 111 33
176 0 0 0
177 280 119 19
178 295 123 23
179 316 94 15
180 0 0 0
181 306 96 28
182 313 106 13
183 313 90 14
184 364 64 15
185 0 0 0
186 310 69 15
187 342 50 10
188 341 54 9
189 303 48 12
190 0 0 0
191 308 40 13
192 277 21 8
193 298 38 8
194 0 0 0
195 268 33 15
196 259 28 6
197 272 23 4
198 283 15 7
199 0 0 0
200 282 25 11
201 296 17 7
202 284 17 11
203 0 0 0
204 290 15 6
205 280 22 7
206 283 7 4
207 260 11 6
208 0 0 0
209 249 13 4
210 266 10 6
211 219 6 7
212 213 13 3
213 0 0 0
214 199 12 4
215 169 7 1
216 157 6 1
217 0 0 0
218 153 7 5
219 127 4 0
220 128 7 5
221 119 5 4
222 0 0 0
223 120 4 2
224 93 1 3
225 124 2 3
226 91 4 1
227 0 0 0
228 116 2 2
229 112 0 0
230 85 3 2
231 0 0 0
232 101 2 3
233 86 4 2
234 88 0 1
235 96 3 0
236 0 0 0
237 96 1 4
238 104 0 1
239 122 0 1
240 104 1 0
241 0 0 0
242 107 2 0
243 96 4 1
244 106 0 3
245 0 0 0
246 127 2 0
247 99 1 0
248 102 0 0
249 112 1 0
250 0 0 0
251 100 0 0
252 103 0 0
253 84 0 0
254 0 0 0
255 563 2 3
