0 0
1 0
2 0
3 0
4 0
5 0
6 0
7 0
8 0
9 0
10 0
11 0
12 0
13 1
14 1
15 6
16 8
17 8
18 11
19 17
20 31
21 22
22 38
23 27
24 35
25 35
26 46
27 34
28 44
29 39
30 34
31 37
32 39
33 48
34 36
35 33
36 30
37 41
38 49
39 37
40 37
41 43
42 37
43 41
44 31
45 55
46 45
47 36
48 38
49 54
50 52
51 44
52 64
53 66
54 62
55 74
56 58
57 61
58 74
59 63
60 67
61 72
62 65
63 59
64 45
65 43
66 52
67 61
68 45
69 45
70 41
71 46
72 60
73 50
74 41
75 39
76 42
77 29
78 21
79 29
80 20
81 16
82 14
83 18
84 16
85 10
86 7
87 12
88 12
89 18
90 5
91 10
92 6
93 10
94 13
95 6
96 7
97 3
98 4
99 4
100 4
101 3
102 3
103 4
104 6
105 6
106 5
107 5
108 1
109 9
110 5
111 1
112 5
113 4
114 7
115 2
116 2
117 7
118 4
119 2
120 4
121 5
122 2
123 4
124 2
125 1
126 1
127 1
128 2
129 4
130 4
131 3
132 3
133 1
134 3
135 3
136 3
137 3
138 3
139 4
140 1
141 0
142 3
143 2
144 4
145 7
146 3
147 0
148 8
149 3
150 4
151 4
152 4
153 0
154 4
155 2
156 6
157 2
158 3
159 1
160 2
161 2
162 3
163 1
164 6
165 2
166 5
167 5
168 4
169 3
170 4
171 8
172 5
173 7
174 4
175 7
176 3
177 8
178 5
179 6
180 10
181 9
182 15
183 14
184 12
185 24
186 25
187 20
188 23
189 18
190 23
191 23
192 29
193 35
194 29
195 36
196 40
197 53
198 48
199 58
200 53
201 58
202 80
203 72
204 104
205 98
206 107
207 124
208 115
209 131
210 141
211 173
212 163
213 211
214 232
215 224
216 255
217 291
218 323
219 326
220 393
221 456
222 484
223 506
224 548
225 564
226 554
227 539
228 558
229 589
230 526
231 507
232 505
233 468
234 438
235 428
236 350
237 228
238 225
239 146
240 111
241 64
242 39
243 30
244 5
245 9
246 4
247 2
248 1
249 2
250 2
251 0
252 0
253 0
254 1
255 0
