0 2
1 5
2 7
3 12
4 20
5 30
6 38
7 51
8 63
9 76
10 89
11 99
12 109
13 119
14 127
15 132
16 137
17 142
18 145
19 147
20 150
21 150
22 153
23 153
24 155
25 155
26 155
27 158
28 158
29 158
30 160
31 160
32 160
33 160
34 160
35 163
36 163
37 163
38 163
39 165
40 165
41 165
42 168
43 168
44 168
45 168
46 170
47 170
48 170
49 170
50 173
51 173
52 173
53 175
54 175
55 175
56 175
57 178
58 178
59 178
60 178
61 181
62 181
63 181
64 183
65 183
66 183
67 186
68 186
69 186
70 188
71 188
72 191
73 191
74 193
75 196
76 196
77 198
78 201
79 204
80 206
81 206
82 209
83 209
84 211
85 211
86 211
87 214
88 214
89 214
90 214
91 214
92 214
93 214
94 214
95 214
96 214
97 214
98 214
99 214
100 214
101 214
102 214
103 216
104 216
105 216
106 216
107 216
108 216
109 216
110 216
111 216
112 216
113 216
114 216
115 216
116 216
117 216
118 216
119 216
120 216
121 216
122 216
123 216
124 216
125 216
126 216
127 216
128 216
129 219
130 219
131 219
132 219
133 219
134 219
135 219
136 219
137 219
138 219
139 219
140 219
141 219
142 219
143 219
144 219
145 219
146 221
147 221
148 221
149 221
150 221
151 224
152 224
153 224
154 226
155 226
156 229
157 229
158 232
159 232
160 232
161 234
162 234
163 234
164 234
165 237
166 237
167 237
168 237
169 237
170 237
171 239
172 239
173 239
174 239
175 239
176 239
177 239
178 239
179 242
180 242
181 242
182 242
183 242
184 242
185 242
186 242
187 242
188 242
189 242
190 242
191 242
192 242
193 242
194 242
195 242
196 242
197 242
198 242
199 242
200 242
201 242
202 244
203 244
204 244
205 244
206 244
207 244
208 244
209 244
210 244
211 244
212 244
213 244
214 244
215 244
216 244
217 244
218 244
219 244
220 244
221 244
222 244
223 247
224 247
225 247
226 247
227 247
228 247
229 247
230 247
231 247
232 247
233 247
234 247
235 247
236 247
237 247
238 247
239 247
240 247
241 249
242 249
243 249
244 249
245 249
246 249
247 249
248 252
249 252
250 252
251 252
252 252
253 252
254 255
255 255
