0 0
1 0
2 2818
3 0
4 0
5 4143
6 0
7 3472
8 0
9 0
10 0
11 0
12 5043
13 0
14 0
15 0
16 0
17 0
18 0
19 0
20 6258
21 0
22 0
23 0
24 0
25 0
26 0
27 0
28 0
29 0
30 9884
31 0
32 0
33 0
34 0
35 0
36 0
37 0
38 10010
39 0
40 0
41 0
42 0
43 0
44 0
45 0
46 0
47 0
48 0
49 0
50 0
51 12066
52 0
53 0
54 0
55 0
56 0
57 0
58 0
59 0
60 0
61 0
62 0
63 13270
64 0
65 0
66 0
67 0
68 0
69 0
70 0
71 0
72 0
73 0
74 0
75 0
76 12904
77 0
78 0
79 0
80 0
81 0
82 0
83 0
84 0
85 0
86 0
87 0
88 0
89 12583
90 0
91 0
92 0
93 0
94 0
95 0
96 0
97 0
98 0
99 11154
100 0
101 0
102 0
103 0
104 0
105 0
106 0
107 0
108 0
109 10912
110 0
111 0
112 0
113 0
114 0
115 0
116 0
117 0
118 0
119 9498
120 0
121 0
122 0
123 0
124 0
125 0
126 0
127 7670
128 0
129 0
130 0
131 0
132 6488
133 0
134 0
135 0
136 0
137 4958
138 0
139 0
140 0
141 0
142 3867
143 0
144 0
145 3128
146 0
147 2541
148 0
149 0
150 3812
151 0
152 0
153 2742
154 0
155 3003
156 0
157 0
158 2292
159 0
160 3125
161 0
162 0
163 2549
164 0
165 2158
166 0
167 0
168 2921
169 0
170 2948
171 0
172 0
173 2163
174 0
175 2839
176 0
177 0
178 2779
179 0
180 0
181 2321
182 0
183 2375
184 0
185 0
186 2889
187 0
188 2396
189 0
190 0
191 2910
192 0
193 1707
194 0
195 0
196 3595
197 0
198 1843
199 0
200 0
201 2115
202 0
203 0
204 2162
205 0
206 4210
207 0
208 0
209 2939
210 0
211 2374
212 0
213 0
214 2873
215 0
216 2667
217 0
218 0
219 2638
220 0
221 2413
222 0
223 0
224 2345
225 0
226 1978
227 0
228 0
229 2632
230 0
231 0
232 3473
233 0
234 2679
235 0
236 0
237 2688
238 0
239 2693
240 0
241 0
242 2719
243 0
244 2643
245 0
246 0
247 2408
248 0
249 2767
250 0
251 0
252 2671
253 0
254 0
255 23
