0 1
1 2
2 3
3 5
4 8
5 12
6 15
7 20
8 25
9 30
10 35
11 39
12 43
13 47
14 50
15 52
16 54
17 56
18 57
19 58
20 59
21 59
22 60
23 60
24 61
25 61
26 61
27 62
28 62
29 62
30 63
31 63
32 63
33 63
34 63
35 64
36 64
37 64
38 64
39 65
40 65
41 65
42 66
43 66
44 66
45 66
46 67
47 67
48 67
49 67
50 68
51 68
52 68
53 69
54 69
55 69
56 69
57 70
58 70
59 70
60 70
61 71
62 71
63 71
64 72
65 72
66 72
67 73
68 73
69 73
70 74
71 74
72 75
73 75
74 76
75 77
76 77
77 78
78 79
79 80
80 81
81 81
82 82
83 82
84 83
85 83
86 83
87 84
88 84
89 84
90 84
91 84
92 84
93 84
94 84
95 84
96 84
97 84
98 84
99 84
100 84
101 84
102 84
103 85
104 85
105 85
106 85
107 85
108 85
109 85
110 85
111 85
112 85
113 85
114 85
115 85
116 85
117 85
118 85
119 85
120 85
121 85
122 85
123 85
124 85
125 85
126 85
127 85
128 85
129 86
130 86
131 86
132 86
133 86
134 86
135 86
136 86
137 86
138 86
139 86
140 86
141 86
142 86
143 86
144 86
145 86
146 87
147 87
148 87
149 87
150 87
151 88
152 88
153 88
154 89
155 89
156 90
157 90
158 91
159 91
160 91
161 92
162 92
163 92
164 92
165 93
166 93
167 93
168 93
169 93
170 93
171 94
172 94
173 94
174 94
175 94
176 94
177 94
178 94
179 95
180 95
181 95
182 95
183 95
184 95
185 95
186 95
187 95
188 95
189 95
190 95
191 95
192 95
193 95
194 95
195 95
196 95
197 95
198 95
199 95
200 95
201 95
202 96
203 96
204 96
205 96
206 96
207 96
208 96
209 96
210 96
211 96
212 96
213 96
214 96
215 96
216 96
217 96
218 96
219 96
220 96
221 96
222 96
223 97
224 97
225 97
226 97
227 97
228 97
229 97
230 97
231 97
232 97
233 97
234 97
235 97
236 97
237 97
238 97
239 97
240 97
241 98
242 98
243 98
244 98
245 98
246 98
247 98
248 99
249 99
250 99
251 99
252 99
253 99
254 100
255 100
