0 0
1 0
2 1
3 1
4 1
5 2
6 2
7 3
8 3
9 3
10 3
11 3
12 5
13 5
14 5
15 5
16 5
17 5
18 5
19 5
20 8
21 8
22 8
23 8
24 8
25 8
26 8
27 8
28 8
29 8
30 12
31 12
32 12
33 12
34 12
35 12
36 12
37 12
38 15
39 15
40 15
41 15
42 15
43 15
44 15
45 15
46 15
47 15
48 15
49 15
50 15
51 20
52 20
53 20
54 20
55 20
56 20
57 20
58 20
59 20
60 20
61 20
62 20
63 25
64 25
65 25
66 25
67 25
68 25
69 25
70 25
71 25
72 25
73 25
74 25
75 25
76 30
77 30
78 30
79 30
80 30
81 30
82 30
83 30
84 30
85 30
86 30
87 30
88 30
89 35
90 35
91 35
92 35
93 35
94 35
95 35
96 35
97 35
98 35
99 39
100 39
101 39
102 39
103 39
104 39
105 39
106 39
107 39
108 39
109 43
110 43
111 43
112 43
113 43
114 43
115 43
116 43
117 43
118 43
119 47
120 47
121 47
122 47
123 47
124 47
125 47
126 47
127 50
128 50
129 50
130 50
131 50
132 52
133 52
134 52
135 52
136 52
137 54
138 54
139 54
140 54
141 54
142 56
143 56
144 56
145 57
146 57
147 58
148 58
149 58
150 59
151 59
152 59
153 60
154 60
155 61
156 61
157 61
158 62
159 62
160 63
161 63
162 63
163 64
164 64
165 65
166 65
167 65
168 66
169 66
170 67
171 67
172 67
173 68
174 68
175 69
176 69
177 69
178 70
179 70
180 70
181 71
182 71
183 72
184 72
185 72
186 73
187 73
188 74
189 74
190 74
191 75
192 75
193 76
194 76
195 76
196 77
197 77
198 78
199 78
200 78
201 79
202 79
203 79
204 80
205 80
206 81
207 81
208 81
209 82
210 82
211 83
212 83
213 83
214 84
215 84
216 85
217 85
218 85
219 86
220 86
221 87
222 87
223 87
224 88
225 88
226 89
227 89
228 89
229 90
230 90
231 90
232 91
233 91
234 92
235 92
236 92
237 93
238 93
239 94
240 94
241 94
242 95
243 95
244 96
245 96
246 96
247 97
248 97
249 98
250 98
251 98
252 99
253 99
254 99
255 100
