# Profil de l'image
0 159
1 98
2 83
3 95
4 117
5 161
6 172
7 165
8 201
9 176
10 149
11 146
12 88
13 80
14 125
15 115
16 157
17 201
18 182
19 145
20 87
21 117
22 140
23 85
24 204
25 140
26 164
27 185
28 137
29 74
30 87
31 73
32 74
33 67
34 64
35 78
36 78
37 75
38 100
39 46
40 49
41 54
42 59
43 68
44 70
45 68
46 74
47 51
48 74
49 61
50 56
51 69
52 48
53 63
54 63
55 61
56 92
57 59
58 82
59 58
60 103
61 92
62 90
63 98
64 141
65 90
66 155
67 177
68 158
69 173
70 174
71 185
72 154
73 149
74 169
75 165
76 170
77 152
78 138
79 152
80 153
81 132
82 142
83 167
84 68
85 102
86 115
87 126
88 133
89 91
90 148
91 143
92 177
93 102
94 112
95 124
96 136
97 180
98 148
99 141
100 144
101 169
102 113
103 65
104 161
105 104
106 27
107 28
108 69
109 168
110 108
111 137
112 111
113 191
114 152
115 121
116 72
117 30
118 90
119 160
120 99
121 58
122 134
123 92
124 58
125 35
126 141
127 89
128 71
129 108
130 106
131 50
132 140
133 121
134 119
135 52
136 88
137 141
138 99
139 134
140 125
141 120
142 117
143 68
144 60
145 83
146 124
147 58
148 115
149 59
150 53
151 111
152 110
153 46
154 143
155 119
156 138
157 109
158 154
159 105
160 112
161 109
162 94
163 127
164 105
165 118
166 83
167 98
168 94
169 95
170 94
171 117
172 56
173 24
174 88
175 50
176 124
177 134
178 70
179 96
180 109
181 120
182 109
183 130
184 120
185 129
186 115
187 141
188 123
189 120
190 159
191 137
192 99
193 103
194 100
195 127
196 95
197 118
198 117
199 116
200 115
201 123
202 126
203 90
204 129
205 135
206 117
207 157
208 169
209 148
210 152
211 170
212 178
213 179
214 179
215 178
216 197
217 188
218 192
219 182
220 184
221 183
222 180
223 196
224 197
225 165
226 181
227 188
228 166
229 195
230 182
231 185
232 191
233 194
234 178
235 191
236 187
237 193
238 199
239 183
240 184
241 191
242 193
243 192
244 192
245 185
246 184
247 180
248 187
249 193
250 188
251 179
252 178
253 186
254 185
255 178
256 159
257 162
258 170
259 94
260 131
261 115
262 51
263 39
264 47
265 71
266 52
267 118
268 119
269 88
270 80
271 110
272 96
273 128
274 92
275 56
276 73
277 56
278 43
279 33
280 17
281 71
282 49
283 28
284 22
285 14
286 15
287 7
288 31
289 107
290 38
291 27
292 27
293 132
294 89
295 30
296 22
297 48
298 44
299 27
300 105
301 141
302 65
303 63
304 30
305 31
306 10
307 17
308 28
309 173
310 97
311 34
312 62
313 44
314 25
315 39
316 85
317 96
318 72
319 27
320 28
321 51
322 138
323 138
324 29
325 79
326 93
327 96
328 107
329 30
330 6
331 27
332 129
333 178
334 51
335 64
336 24
337 37
338 46
339 147
340 171
341 52
342 51
343 68
344 34
345 30
346 85
347 118
348 57
349 173
350 127
351 60
352 138
353 112
354 121
355 53
356 43
357 35
358 35
359 83
360 56
361 114
362 37
363 52
364 38
365 59
366 196
367 86
368 24
369 48
370 187
371 68
372 21
373 89
374 94
375 66
376 25
377 179
378 137
379 64
380 122
381 140
382 192
383 81
384 45
385 79
386 44
387 50
388 192
389 203
390 156
391 95
392 150
393 107
394 127
395 163
396 191
397 91
398 151
399 198
400 203
401 179
402 135
403 188
404 176
405 70
406 87
407 189
408 167
409 118
410 78
411 75
412 113
413 150
414 160
415 177
416 106
417 168
418 209
419 213
420 200
421 163
422 115
423 162
424 127
425 61
426 78
427 188
428 192
429 195
430 175
431 188
432 192
433 185
434 171
435 188
436 202
437 196
438 187
439 199
440 182
441 115
442 159
443 107
444 159
445 113
446 77
447 154
448 190
449 212
450 188
451 121
452 77
453 112
454 169
455 171
456 165
457 164
458 161
459 172
460 191
461 158
462 141
463 168
464 176
465 178
466 176
467 163
468 153
469 196
470 160
471 125
472 109
473 124
474 161
475 169
476 140
477 112
478 167
479 141
480 68
481 131
482 80
483 103
484 85
485 121
486 153
487 127
488 109
489 78
490 73
491 102
492 118
493 87
494 91
495 115
496 149
497 171
498 169
499 148
500 70
501 58
502 36
503 84
504 98
505 89
506 101
507 95
508 100
509 116
510 108
511 18
